0 000 --- --- --- --- 00000000 00000000 00000000 00000000 00000000 00000000 00000000 00000000 00000000 00000000 00000000 00000000 00000000 00000000
1 001 000 --- --- --- 00000000 00000000 00000000 00000000 00000000 00000000 00000000 00000000 00000000 00000000 00000000 00000000 00000000 00000000
2 002 001 000 --- --- 00000000 00000000 00000000 00000000 00000000 00000000 00000000 00000000 00000000 00000000 00000000 00000000 00000000 00000000
3 003 002 001 000 --- 00000000 00000000 00000000 00000000 00000000 00000000 00000000 00000000 00000000 00000000 00000000 00000000 00000000 00000000
4 004 003 002 001 000 00000000 00000000 00000000 00000000 00000000 00000000 00000000 00000000 00000000 00000000 00000000 00000000 00000000 00000000
5 005 004 003 002 001 00000000 00000000 00000001 00000000 00000000 00000000 00000000 00000000 00000000 00000000 00000000 00000000 00000000 00000000
6 006 005 004 003 002 00000000 FFFFFFFF 00000001 00000000 00000000 00000000 00000000 00000000 00000000 00000000 00000000 00000000 00000000 00000000
7 007 006 005 004 003 FFFFFFF6 FFFFFFFF 00000001 00000000 00000000 00000000 00000000 00000000 00000000 00000000 00000000 00000000 00000000 00000000
8 008 007 006 005 004 FFFFFFF6 FFFFFFFF 00000001 FFFFFFF6 00000000 00000000 00000000 00000000 00000000 00000000 00000000 00000000 00000000 00000000
9 --- --- 007 006 005 FFFFFFF6 FFFFFFFF 00000001 FFFFFFF6 FFFFFFF6 00000000 00000000 00000000 00000000 00000000 00000000 00000000 00000000 00000000
10 --- --- --- 007 006 FFFFFFF6 FFFFFFFF 00000001 FFFFFFF6 FFFFFFF6 FFFFFFF6 00000000 00000000 00000000 00000000 00000000 00000000 00000000 00000000
11 --- --- --- --- 007 FFFFFFF6 FFFFFFF5 00000001 FFFFFFF6 FFFFFFF6 FFFFFFF6 00000000 00000000 00000000 00000000 00000000 00000000 00000000 00000000
